[cam_0]
name = "A"
size = [ 1280, 720,]
matrix = [ [ 819.9662658377189, 0.0, 640.0,], [ 0.0, 819.9662658377189, 360.0,], [ 0.0, 0.0, 1.0,],]
distortions = [ -0.05587561120924164, 0.0, 0.0, 0.0,]
rotation = [ 0.01530301813046503, 0.0712362158276483, 0.0001924175015381343,]
translation = [ -26.93925633195485, 4.371642169678602, 290.071205709251,]
fisheye = true

[cam_1]
name = "B"
size = [ 1280, 720,]
matrix = [ [ 845.0571095295959, 0.0, 640.0,], [ 0.0, 845.0571095295959, 360.0,], [ 0.0, 0.0, 1.0,],]
distortions = [ -0.09322833897628589, 0.0, 0.0, 0.0,]
rotation = [ -0.003980245375575816, -0.7465261304526379, 0.006552214187903912,]
translation = [ 79.27229360987167, 12.4159387386855, 291.6575769030262,]
fisheye = true

[cam_2]
name = "C"
size = [ 1280, 720,]
matrix = [ [ 797.9768062607421, 0.0, 640.0,], [ 0.0, 797.9768062607421, 360.0,], [ 0.0, 0.0, 1.0,],]
distortions = [ -0.004496784506443784, 0.0, 0.0, 0.0,]
rotation = [ 0.04510336194364074, 0.8190938802723912, 0.01291446730881383,]
translation = [ -131.7922181096235, -8.430531171404555, 437.4506534548436,]
fisheye = true

[metadata]
adjusted = false
error = 0.2411706423925879
