[cam_0]
name = "1"
size = [ 1920, 1080,]
matrix = [ [ 210.66009617708974, 0.0, 959.5,], [ 0.0, 210.66009617708974, 539.5,], [ 0.0, 0.0, 1.0,],]
distortions = [ -0.00953065698982924, 0.0, 0.0, 0.0, 0.0,]
rotation = [ 0.3059546286551529, 0.08794456324114461, -0.1539198826537812,]
translation = [ 6.527416799971482, -0.29479867011047395, 0.9212224538494319,]

[cam_1]
name = "2"
size = [ 1920, 1080,]
matrix = [ [ 619.590591171143, 0.0, 959.5,], [ 0.0, 619.590591171143, 539.5,], [ 0.0, 0.0, 1.0,],]
distortions = [ -0.09333657418205885, 0.0, 0.0, 0.0, 0.0,]
rotation = [ 0.05011500146900767, -0.5510875202770238, -0.4884861743299231,]
translation = [ 6.867261175281517, -2.394054004958253, 6.837253165307755,]

[cam_2]
name = "3"
size = [ 1920, 1080,]
matrix = [ [ 412.3815155155966, 0.0, 959.5,], [ 0.0, 412.3815155155966, 539.5,], [ 0.0, 0.0, 1.0,],]
distortions = [ -0.06852449645852676, 0.0, 0.0, 0.0, 0.0,]
rotation = [ 0.07383418277529946, -0.31591918264437097, -0.5958266655625266,]
translation = [ 8.590721093945529, -3.8171903944381795, 4.220367831768044,]

[metadata]
