[cam_0]
name = "1"
size = [ 1920, 1080,]
matrix = [ [ 165516.47374189776, 0.0, 959.5,], [ 0.0, 165516.47374189776, 539.5,], [ 0.0, 0.0, 1.0,],]
distortions = [ -13873.3405815603, 0.0, 0.0, 0.0, 0.0,]
rotation = [ -0.6098603174922891, 0.46969547996526445, -0.5455983465008107,]
translation = [ -8.067787326133518, -7.071384030332309, 1922.5438415732228,]

[cam_1]
name = "2"
size = [ 1920, 1080,]
matrix = [ [ 2682.3849250881967, 0.0, 959.5,], [ 0.0, 2682.3849250881967, 539.5,], [ 0.0, 0.0, 1.0,],]
distortions = [ -1.453165269343612, 0.0, 0.0, 0.0, 0.0,]
rotation = [ 0.39906869704597075, -0.6054420166356788, 2.547822260831186,]
translation = [ -12.276989069564392, 3.050397322481782, -4.422475428436222,]

[cam_2]
name = "3"
size = [ 1920, 1080,]
matrix = [ [ 998.403448122745, 0.0, 959.5,], [ 0.0, 998.403448122745, 539.5,], [ 0.0, 0.0, 1.0,],]
distortions = [ -0.23662823345142311, 0.0, 0.0, 0.0, 0.0,]
rotation = [ 0.41810072658688036, -0.7313572765676402, 2.4291588533654807,]
translation = [ -12.312095838839394, 5.802160118945505, -10.001877860767541,]

[metadata]
