[cam_0]
name = "1"
size = [ 1920, 1080,]
matrix = [ [ 1343.8997293225375, 0.0, 959.5,], [ 0.0, 1343.8997293225375, 539.5,], [ 0.0, 0.0, 1.0,],]
distortions = [ -0.6406394411389292, 0.0, 0.0, 0.0, 0.0,]
rotation = [ -0.3053157468128375, 0.5469616921740715, -0.01631946002182922,]
translation = [ -3.0719968727800624, -1.1787905402324306, 7.266413798398067,]

[cam_1]
name = "2"
size = [ 1920, 1080,]
matrix = [ [ 1333.1052939397484, 0.0, 959.5,], [ 0.0, 1333.1052939397484, 539.5,], [ 0.0, 0.0, 1.0,],]
distortions = [ -0.10170733911796082, 0.0, 0.0, 0.0, 0.0,]
rotation = [ 0.0015924482078732694, -0.38305532907109224, -0.5092652836282804,]
translation = [ 8.30447895144358, -0.8245864323323816, 7.820727884303595,]

[cam_2]
name = "3"
size = [ 1920, 1080,]
matrix = [ [ 989.7581053274685, 0.0, 959.5,], [ 0.0, 989.7581053274685, 539.5,], [ 0.0, 0.0, 1.0,],]
distortions = [ -0.09282380257469355, 0.0, 0.0, 0.0, 0.0,]
rotation = [ -0.0022734337430215927, -0.7812483972660256, -0.682522353730397,]
translation = [ 13.459858767504706, -4.325387523522684, 12.702562683868987,]

[metadata]
