[cam_0]
name = "1"
size = [ 1920, 1080,]
matrix = [ [ 12027.30887951451, 0.0, 959.5,], [ 0.0, 12027.30887951451, 539.5,], [ 0.0, 0.0, 1.0,],]
distortions = [ 325.8924526895792, 0.0, 0.0, 0.0, 0.0,]
rotation = [ 0.10514571689174716, 0.6351783331774602, -0.26563886685778393,]
translation = [ -20.805865690942063, 6.589322975711699, 466.8969953409294,]

[cam_1]
name = "2"
size = [ 1920, 1080,]
matrix = [ [ 7370.027758796213, 0.0, 959.5,], [ 0.0, 7370.027758796213, 539.5,], [ 0.0, 0.0, 1.0,],]
distortions = [ 1441.9405213098862, 0.0, 0.0, 0.0, 0.0,]
rotation = [ 0.17612698688286763, -0.4572457643378074, -0.14010897004446102,]
translation = [ 14.69712405338635, 16.810280183699728, 80.27527842094352,]

[metadata]
