[cam_0]
name = "1"
size = [ 1920, 1080,]
matrix = [ [ 418.1389571664654, 0.0, 959.5,], [ 0.0, 418.1389571664654, 539.5,], [ 0.0, 0.0, 1.0,],]
distortions = [ -0.07047599968095766, 0.0, 0.0, 0.0, 0.0,]
rotation = [ 0.23279903918607012, -0.24801590503731888, -0.006907972967952648,]
translation = [ 24.64122360664868, 22.89380033852405, -79.95412996428384,]

[cam_1]
name = "2"
size = [ 1920, 1080,]
matrix = [ [ 1803.8562391217758, 0.0, 959.5,], [ 0.0, 1803.8562391217758, 539.5,], [ 0.0, 0.0, 1.0,],]
distortions = [ -0.007235630733605142, 0.0, 0.0, 0.0, 0.0,]
rotation = [ 0.07335089083584735, -1.023982885127847, -0.3420081283604347,]
translation = [ 78.79570193471518, -7.503590555965853, -27.31704864425899,]

[cam_2]
name = "3"
size = [ 1920, 1080,]
matrix = [ [ 471.8334395194913, 0.0, 959.5,], [ 0.0, 471.8334395194913, 539.5,], [ 0.0, 0.0, 1.0,],]
distortions = [ -0.05457200349587004, 0.0, 0.0, 0.0, 0.0,]
rotation = [ 0.10317001281739868, -1.1439800630456343, -0.5518734592066296,]
translation = [ 82.77482481595676, -17.55889134484845, -30.070530477668534,]

[metadata]
